POINTS  <point#> <x> <z> <y>
1 -3 1 3
2 -3 1 2
3 -3 1 1
4 -3 1 0
5 -3 1 -1
6 -3 1 -2
7 -2 1 3
8 -2 1 2
9 -2 1 1
10 -2 1 0
11 -2 1 -1
12 -2 1 -2
13 -2 1 -3
14 -1 1 3
15 -1 1 2
16 -1 1 1
17 -1 1 -1
18 -1 1 -2
19 -1 1 -3
20 0 1 3
21 0 1 2
22 0 1 -1
23 0 1 -2
24 0 1 -3
25 1 1 3
26 1 1 2
27 1 1 0
28 1 1 -1
29 1 1 -2
30 1 1 -3
31 1 1 4
32 2 1 1
33 2 1 0
34 2 1 -1
35 2 1 -2
36 4 1 1
37 2 1 5
38 3 1 1
39 3 1 0
40 3 1 -1
41 3 1 -2
42 -4 1 -2
43 -4 1 -1
44 -3 1 -2
45 -3 1 -1
46 -0.5 1 -2
47 -0.5 1 -3
48 2 1 -3
49 2 1 -4
50 2 1 -5
51 2 1 -6
52 3 1 5
53 3 1 -3
54 3 1 -4
55 3 1 -5
56 3 1 -6
57 4 1 5
58 5 1 4
59 5 1 3
60 5 1 2
EDGES <edge#> <endoint1> <endopoint2> <wallbrush#> <doortype> <key> <direction>
1  1  7  1 0 0 0
2  7  14 17 0 0 0
3  14 20 1 0 0 0
4  20 21 16 0 0 0
5  21 26 7 0 0 0
6  26 25 21 0 0 0
7  25 31 1 0 0 0
8  31 37 18 0 0 0
9  37 52 1 0 0 0
10 52 57 1 0 0 0
11 38 32 21 0 0 0
12 32 33 14 0 0 0
13 33 39 1 0 0 0
14 39 40 18 0 0 0
15 40 41 1 0 0 0
16 52 57 1 0 0 0
17 35 29 18 0 0 0
18 29 30 0 0 0 0
19 30 24 19 0 0 0
20 24 19 1 0 0 0
21 19 13 17 0 0 0
22 13 12 18 0 0 0
23 12 6  19 0 0 0
24 5  11 16 0 0 0
25 11 10 21 0 0 0
26 10 4  0 0 0 0
27 4  3  14 0 0 0
28 3  2  16 0 0 0
29 2  1  17 0 0 0
30 8  15 23 0 0 0
31 15 16 22 0 0
32 16 9  23 0 0 0
33 9  8  22 0 0 0
34 27 33 1 0 0 0
35 33 34 17 0 0 0
36 34 28 13 0 0 0
37 28 27 21 0 0 0
38 17 22 0 0 0 0
39 22 23 15 0 0 0
40 23 18 19 0 0 0
41 18 17 16 0 0 0
42 45 44 23 3 0 3
43 5  43 17 0 0 0
44 6  42 14 0 0 0
45 47 46 22 1 0 3
46 35 48 0 0 0 0
47 48 49 15 0 0 0
48 49 50 13 0 0 0
49 50 51 23 0 0 0
50 51 56 7 0 0 0
51 55 56 22 0 0 0
52 41 53 0 0 0 0
53 53 54 0 0 0 0
54 54 55 0 0 0 0
55 57 58 18 0 0 0
56 58 59 1 0 0 0
57 59 60 1 0 0 0
59 60 36 18 0 0 0
60 36 38 18 0 0 0
BUTTONS <edge#> <dir> <start_state> <press_out_wall#> <press_in_wall#> <y>
41 0 0 5 6 75
42 0 0 5 6 75
43 0 0 5 6 75
END

