28  3 93 10 54 65 30 90 10 69  8 22 31  5 96 40 85  9 39 13  8 77 10 

28 10 54 65 10 69  5 96  9 39  8 77 
 3 93 30 90  8 22 31 40 85 13 10 
 
 3 28 93 10 30 54 65 90  8 10 22 31 40 69 85  5 13 96  9 10 39  8 77 
 
 3 28 93  8 10 22 31 40 69 85  9 10 39 
10 30 54 65 90  5 13 96  8 77 
 
 3 10 28 30 54 65 90 93  5  8 10 13 22 31 40 69 85 96  8  9 10 39 77 
 
 3 10 28 30 54 65 90 93  8  9 10 39 77 
 5  8 10 13 22 31 40 69 85 96 
 
 3  5  8 10 10 13 22 28 30 31 40 54 65 69 85 90 93 96  8  9 10 39 77 
 
 3  5  8 10 10 13 22 28 30 31 40 54 65 69 85 90 93 96 
 8  9 10 39 77 
 
 3  5  8  8  9 10 10 10 13 22 28 30 31 39 40 54 65 69 77 85 90 93 96 
