28  3 93 10 54 65 30 90 10 69  8 22 31  5 96 40 85  9 39 13  8 77 10 

k1:  1  k2:  0
28 93 54 30 10  8 31 96 85 39  8 10 
 3 10 65 90 69 22  5 40  9 13 77 

k1:  2  k2:  1
 3 28 54 65 10 69  5 31  9 85  8 77 
10 93 30 90  8 22 40 96 13 39 10 

k1:  4  k2:  3
 3 10 28 93  8 10 22 69  9 13 39 85 
30 54 65 90  5 31 40 96  8 10 77 

k1:  7  k2:  0
 3 10 28 30 54 65 90 93  8  9 10 13 39 77 85 
 5  8 10 22 31 40 69 96 

k1: 16  k2:  7
 3  5  8 10 10 22 28 30 31 40 54 65 69 90 93 96 
 8  9 10 13 39 77 85 
 
 3  5  8  8  9 10 10 10 13 22 28 30 31 39 40 54 65 69 77 85 90 93 96 
