 30  30  0.0000  1.0000  0.0000  25  25
 60  60  0.0000  1.0000  0.0000  25  25
 90  90  0.0000  1.0000  0.0000  25  25
120 120  0.0000  1.0000  0.0000  25  25
150 150  0.0000  1.0000  0.0000  25  25
180 180  0.0000  1.0000  0.0000  25  25
210 210  0.0000  1.0000  0.0000  25  25
 30 210  0.0000  1.0000  0.0000  30  30
 60 180  0.0000  1.0000  0.0000  25  25
 90 150  0.0000  1.0000  0.0000  20  20
120 120  0.0000  1.0000  0.0000  15  15
150  90  0.0000  1.0000  0.0000  11  11
180  60  0.0000  1.0000  0.0000   7   7
210  30  0.0000  1.0000  0.0000   4   4
 60  60  0.0000  0.0000  1.0000 120 120
 50 110  0.0000  0.0000 -0.4000  20  20
180 180  1.0000  0.0000  0.0000 120 120
130 190 -0.4000  0.0000  0.0000  20  20
180  60 -1.0000  0.0000 -1.0000  60  60
