+++ ALS Pro © 1996/7 Unsatisfactory Software +++
The Maze
 300
 2
 2
 2
 2
 2
 2
 2
 2
 2
 2
 2
 2
 2
 2
 2
 2
 2
 2
 2
 2
 2
 1
 1
 1
 1
 1
 1
 1
 1
 1
 1
 1
 1
 1
 1
 1
 1
 2
 1
 2
 2
 1
 2
 2
 2
 2
 2
 2
 2
 2
 2
 2
 2
 1
 2
 2
 1
 2
 1
 2
 2
 1
 1
 2
 1
 1
 1
 2
 1
 1
 1
 1
 1
 1
 1
 2
 1
 2
 1
 2
 2
 2
 1
 2
 1
 2
 1
 2
 1
 4
 1
 2
 2
 2
 2
 2
 1
 2
 1
 2
 2
 2
 1
 1
 1
 2
 1
 2
 1
 1
 1
 1
 1
 2
 1
 1
 1
 2
 1
 2
 2
 1
 1
 2
 2
 2
 1
 2
 2
 2
 2
 2
 1
 2
 2
 2
 1
 2
 1
 2
 2
 2
 2
 2
 1
 1
 1
 1
 1
 1
 1
 2
 1
 2
 1
 2
 1
 2
 1
 2
 2
 1
 1
 2
 1
 2
 2
 2
 2
 2
 1
 2
 1
 2
 1
 1
 1
 2
 1
 2
 2
 1
 2
 2
 1
 1
 1
 2
 1
 2
 1
 2
 2
 2
 2
 2
 2
 2
 1
 2
 2
 1
 1
 1
 1
 2
 1
 1
 1
 2
 1
 1
 1
 1
 1
 1
 1
 1
 1
 2
 2
 2
 2
 2
 2
 2
 2
 2
 2
 2
 1
 2
 2
 2
 2
 2
 2
 2
 2
 2
 1
 1
 1
 1
 1
 1
 1
 1
 1
 1
 1
 1
 1
 1
 1
 1
 1
 1
 1
 1
