+++ ALS Pro © 1996/7 Unsatisfactory Software +++
Dark And Spooky
 300
 1
 1
 1
 4
 1
 1
 4
 8
 4
 1
 1
 1
 1
 1
 1
 1
 1
 4
 4
 4
 1
 1
 1
 5
 1
 1
 1
 1
 1
 4
 1
 4
 1
 1
 4
 1
 1
 1
 1
 4
 1
 1
 1
 4
 1
 1
 1
 4
 1
 1
 1
 4
 1
 1
 4
 1
 1
 4
 1
 4
 4
 8
 1
 5
 1
 1
 1
 1
 4
 4
 4
 4
 5
 4
 1
 1
 1
 1
 1
 4
 14
 4
 4
 4
 4
 4
 1
 1
 1
 4
 4
 4
 4
 1
 1
 1
 1
 4
 1
 4
 12
 12
 1
 1
 1
 4
 1
 1
 1
 1
 4
 4
 1
 1
 4
 4
 4
 1
 1
 4
 6
 7
 1
 1
 1
 4
 1
 1
 1
 1
 1
 4
 4
 4
 1
 1
 1
 1
 1
 4
 4
 4
 4
 1
 1
 4
 4
 4
 4
 1
 5
 1
 1
 4
 5
 4
 1
 1
 4
 8
 8
 1
 4
 1
 1
 1
 1
 1
 1
 1
 4
 4
 1
 4
 1
 4
 1
 1
 4
 4
 4
 1
 4
 1
 1
 1
 4
 1
 1
 4
 4
 8
 1
 1
 4
 1
 1
 4
 1
 1
 1
 1
 4
 4
 4
 4
 1
 1
 4
 4
 1
 1
 1
 1
 4
 1
 4
 1
 1
 4
 1
 1
 1
 1
 1
 1
 1
 4
 4
 1
 1
 1
 4
 1
 1
 1
 5
 1
 1
 1
 13
 13
 13
 4
 4
 1
 4
 4
 1
 1
 1
 1
 4
 4
 4
 1
 4
 1
 4
 1
