+++ ALS Pro © 1996/7 Unsatisfactory Software +++
Hmm... Looks Expensive
 300
 12
 12
 12
 12
 12
 12
 12
 12
 12
 12
 12
 12
 12
 12
 12
 12
 12
 12
 12
 12
 12
 12
 12
 12
 12
 12
 12
 12
 12
 12
 12
 12
 12
 12
 12
 12
 12
 12
 12
 12
 1
 1
 1
 1
 1
 1
 1
 1
 1
 1
 1
 12
 1
 1
 1
 1
 1
 7
 13
 13
 1
 4
 4
 12
 1
 4
 12
 12
 12
 12
 1
 12
 1
 1
 1
 1
 1
 1
 12
 12
 1
 4
 1
 13
 13
 4
 1
 1
 1
 1
 1
 13
 1
 1
 4
 4
 4
 4
 12
 12
 1
 4
 1
 4
 13
 13
 12
 1
 4
 1
 6
 13
 1
 12
 1
 1
 1
 1
 12
 12
 1
 4
 1
 12
 12
 1
 12
 1
 1
 13
 1
 4
 1
 1
 12
 12
 1
 1
 13
 12
 1
 4
 1
 1
 4
 1
 12
 1
 12
 12
 1
 4
 1
 1
 1
 1
 1
 4
 13
 12
 1
 4
 4
 1
 12
 13
 12
 4
 1
 1
 1
 4
 4
 4
 1
 1
 1
 1
 13
 12
 1
 4
 4
 1
 12
 13
 1
 12
 12
 12
 12
 13
 13
 13
 4
 1
 1
 12
 1
 1
 1
 9
 4
 1
 12
 13
 1
 1
 1
 13
 13
 13
 13
 13
 13
 4
 1
 1
 1
 1
 4
 4
 4
 1
 4
 4
 4
 4
 4
 4
 4
 4
 4
 4
 4
 4
 4
 4
 4
 4
 1
 1
 1
 1
 1
 1
 1
 1
 1
 1
 1
 1
 1
 1
 1
 1
 1
 1
 1
 1
