+++ ALS Pro © 1996/7 Unsatisfactory Software +++
The Park
 300
 1
 12
 1
 1
 1
 12
 11
 12
 1
 5
 1
 12
 1
 1
 1
 1
 12
 1
 1
 1
 1
 1
 1
 1
 1
 1
 1
 1
 1
 4
 1
 1
 12
 1
 1
 1
 1
 5
 4
 1
 1
 1
 1
 1
 1
 1
 1
 1
 1
 4
 4
 1
 1
 12
 1
 4
 1
 12
 1
 1
 1
 7
 10
 1
 1
 1
 1
 1
 1
 4
 4
 4
 1
 12
 1
 12
 1
 1
 5
 1
 1
 1
 1
 1
 1
 1
 7
 1
 1
 1
 4
 4
 1
 12
 1
 12
 1
 1
 4
 12
 12
 1
 1
 1
 1
 1
 1
 1
 1
 1
 1
 4
 1
 12
 1
 1
 12
 1
 1
 1
 1
 1
 1
 1
 1
 1
 1
 1
 1
 1
 1
 5
 1
 5
 1
 12
 1
 1
 12
 1
 4
 4
 5
 4
 4
 4
 4
 4
 4
 5
 4
 4
 4
 12
 1
 1
 1
 1
 1
 1
 1
 1
 1
 1
 1
 1
 1
 14
 1
 1
 1
 1
 1
 1
 12
 1
 12
 12
 1
 1
 4
 4
 4
 4
 4
 4
 4
 4
 4
 4
 4
 4
 4
 4
 4
 4
 4
 4
 4
 5
 1
 1
 1
 1
 1
 1
 1
 1
 1
 1
 1
 1
 1
 1
 1
 1
 1
 1
 1
 1
 13
 12
 5
 4
 5
 12
 5
 4
 5
 12
 5
 4
 5
 12
 12
 4
 5
 12
 4
 5
 1
 1
 1
 1
 1
 1
 1
 1
 1
 1
 1
 1
 1
 1
 1
 1
 1
 1
 1
 1
