INTRODUCI IL VETTORE (elementi =  1..6):
 A[0] A[1] A[2] A[3] A[4] A[5] A[6] A[7] 
    3    6    4    5    1    3    1    5
C fase 1:
 C[1] C[2] C[3] C[4] C[5] C[6]
    2    0    2    1    2    1

 B[0] B[1] B[2] B[3] B[4] B[5] B[6] B[7]    C[1] C[2] C[3] C[4] C[5] C[6]
					       2    2    4    5    7    8
				  5            2    2    4    5    6    8
	 1                        5            1    2    4    5    6    8
	 1         3              5            1    2    3    5    6    8
    1    1         3              5            0    2    3    5    6    8
    1    1         3         5    5            0    2    3    5    5    8
    1    1         3    4    5    5            0    2    3    4    5    8
    1    1         3    4    5    5    6       0    2    3    4    5    7
    1    1    3    3    4    5    5    6       0    2    2    4    5    7
