  2  43  1.0000  0.0000  0.0000  60  60
 32  37 -1.0000  0.0000  0.0000  57  57
 62  42  1.0000  0.0000  0.0000  54  54
 83  62 -1.0000  0.0000  0.0000  51  51
102  78  1.0000  0.0000  0.0000  48  48
119  90 -1.0000  0.0000  0.0000  44  44
136  99  1.0000  0.0000  0.0000  40  40
147 104 -1.0000  0.0000  0.0000  36  36
158 106  1.0000  0.0000  0.0000  32  32
168 103 -1.0000  0.0000  0.0000  28  28
176  96  1.0000  0.0000  0.0000  24  24
181  87 -1.0000  0.0000  0.0000  20  20
184  77  1.0000  0.0000  0.0000  16  16
187  67 -1.0000  0.0000  0.0000  12  12
190  58  1.0000  0.0000  0.0000   8   8
192  51 -1.0000  0.0000  0.0000   4   4
117 127  0.0000  0.8000  1.0000  28  28
 95 128  0.0000 -0.8000 -1.0000  28  28
 77 140  0.0000  0.8500  1.0000  28  28
 68 155  0.0000 -0.8500 -1.0000  28  28
 62 171  0.0000  0.9000  1.0000  28  28
 59 187  0.0000 -0.9000 -1.0000  28  28
 58 202  0.0000  0.9500  1.0000  28  28
 60 215  0.0000 -0.9500 -1.0000  28  28
 64 225  0.0000  1.0000  1.0000  28  28
167 190  1.0000  1.0000  0.0000 100 100
193 189  0.8000 -0.7000  0.0000  15  15
205 224  0.9000  0.0000 -0.9500  30  30
