118 127  0.0000  1.0000  1.0000 100 100
118 127  0 0000  1.0000  1.0000  50  50
118  95  0.0000  0.0000 -1.0000  30  30
118 159  0.0000  0.0000 -1.0000  30  30
 88 127  0.0000  0.0000 -1.0000  30  30
147 127  0.0000  0.0000 -1.0000  30  30
 59  63  1.0000  0.0000  0.0000  80  80
177  63  1.0000  0.0000  0.0000  80  80
 59 190  1.0000  0.0000  0.0000  80  80
177 190  1.0000  0.0000  0.0000  80  80
118   0  0.0000  0.0000 -1.0000  75  75
118 255  0.0000  0.0000 -1.0000  75  75
  0 127  0.0000  0.0000 -1.0000  75  75
236 127  0.0000  0.0000 -1.0000  75  75
