IntuiProject
640
256
2
-32768
topaz.font
8
0
3
10
21
221
202
14
1
9

G10
14
1

0
0
0
0
0
0
0
0
0
0
0
0
0
0
0
0








0
0
0
0
0
0
0
0
2
17
74
ÆŒ #W3,#G10,17,74,202,14,"",1,0
16
186
211
14
1
8

G9
14
1

0
0
0
0
0
0
0
0
0
0
0
0
0
0
0
0








0
0
0
0
0
0
0
0
2
12
39
ÆŒ #W3,#G9,12,39,211,14,"",1,0
18
155
208
14
1
7

G8
14
1

0
0
0
0
0
0
0
0
0
0
0
0
0
0
0
0








0
0
0
0
0
0
0
0
2
14
8
ÆŒ #W3,#G8,14,8,208,14,"",1,0
81
154
38
13
1
6

G7
4
1

0
0
0
0
0
0
0
0
0
0
0
0
0
0
0
0








0
0
0
0
0
0
0
0
2
77
7
Æ‚ #W3,#G7,77,7,38,13,"",1
23
101
210
16
1
5

G6
14
1

0
0
0
0
0
0
0
0
0
0
0
0
0
0
0
0








0
0
0
0
0
0
0
0
1
19
78
ÆŒ #W2,#G6,19,78,210,16,"",1,0
16
65
219
15
1
4

G5
14
1

0
0
0
0
0
0
0
0
0
0
0
0
0
0
0
0








0
0
0
0
0
0
0
0
1
12
42
ÆŒ #W2,#G5,12,42,219,15,"",1,0
14
36
218
14
1
3

G4
14
1

0
0
0
0
0
0
0
0
0
0
0
0
0
0
0
0








0
0
0
0
0
0
0
0
1
10
13
ÆŒ #W2,#G4,10,13,218,14,"",1,0
418
99
211
14
1
2

G3
14
1

0
0
0
0
0
0
0
0
0
0
0
0
0
0
0
0








0
0
0
0
0
0
0
0
0
10
76
ÆŒ #W1,#G3,10,76,211,14,"",1,0
420
70
209
16
1
1

G2
14
1

0
0
0
0
0
0
0
0
0
0
0
0
0
0
0
0








0
0
0
0
0
0
0
0
0
12
47
ÆŒ #W1,#G2,12,47,209,16,"",1,0
417
35
210
14
1
0

G1
14
1

0
0
0
0
0
0
0
0
0
0
0
0
0
0
0
0








0
0
0
0
0
0
0
0
0
9
12
ÆŒ #W1,#G1,9,12,210,14,"",1,0
404
12
233
115
0
0

W1
0
0
Apps Config Window
0
0
0
0
0
0
0
0
0
0
0
0
0
0
0
0








0
0
0
0
0
0
0
0
0
0
0
Å #W1,404,12,233,115,0,"Apps Config Window",1,2:ÆŽ #W1,#W1
0
12
255
119
0
1

W2
0
0
User Details
0
0
0
0
0
0
0
0
0
0
0
0
0
0
0
0








0
0
0
0
0
0
0
0
1
0
0
Å #W2,0,12,255,119,0,"User Details",1,2:ÆŽ #W2,#W2
0
136
246
115
0
2

W3
0
0
User Network
0
0
0
0
0
0
0
0
0
0
0
0
0
0
0
0








0
0
0
0
0
0
0
0
2
0
0
Å #W3,0,136,246,115,0,"User Network",1,2:ÆŽ #W3,#W3
