 1
 1
 1
 1
 1
 1
 1
 1
 1
 1
 1
 1
 1
 1
 1
 1
 1
 1
 1
 1
 1
 2
 2
 2
 2
 2
 2
 2
 2
 2
 2
 2
 2
 2
 2
 2
 2
 2
 2
 1
 1
 57
 57
 57
 57
 57
 57
 57
 57
 57
 57
 57
 57
 57
 57
 57
 57
 57
 59
 1
 1
 56
 1
 1
 1
 56
 56
 1
 56
 56
 1
 1
 56
 1
 56
 1
 56
 56
 58
 1
 1
 56
 1
 2
 2
 56
 1
 2
 1
 56
 1
 2
 56
 1
 56
 1
 56
 56
 58
 1
 1
 56
 1
 1
 1
 56
 1
 1
 1
 56
 2
 1
 56
 2
 1
 2
 56
 56
 58
 1
 1
 56
 1
 2
 2
 56
 1
 2
 1
 56
 57
 1
 56
 57
 1
 57
 56
 56
 58
 1
 1
 56
 1
 1
 1
 56
 1
 57
 1
 56
 1
 1
 56
 56
 1
 56
 56
 56
 58
 1
 1
 56
 2
 5
 2
 56
 2
 56
 2
 56
 2
 60
 56
 56
 2
 56
 56
 56
 58
 1
 1
 56
 57
 57
 57
 56
 57
 56
 57
 56
 57
 57
 56
 56
 57
 56
 56
 109
 58
 1
 1
 56
 56
 56
 56
 56
 56
 56
 56
 56
 56
 56
 56
 56
 56
 56
 56
 56
 58
 1
 1
 1
 1
 1
 1
 1
 1
 1
 1
 1
 1
 1
 1
 1
 1
 1
 1
 1
 1
 1
